Initial Eye Rotation: (359.929700, 179.946800, 0.123793)
Initial Eye Position: (-0.032809, 1.703470, -0.037460)
Initial Pupil Rotation: (359.929700, 179.946800, 0.123793)
Initial Pupil Position: (-0.032796, 1.702988, -0.051726)
Initial Pupil Rotation Matrix:
 -0.999997	0.002159	0.000928	-0.032796
0.002161	0.999997	0.001227	1.702988
-0.000925	0.001229	-0.999999	-0.051726
0.000000	0.000000	0.000000	1.000000



Eye Rotation: (9.900045, 194.964700, 0.102914)
Eye Position: (-0.032809, 1.703470, -0.037460)
Pupil Rotation: (9.900045, 194.964700, 0.102914)
Pupil Position: (-0.036416, 1.700525, -0.050953)
Pupil Rotation Matrix:
 -0.966163	-0.042661	-0.254379	-0.036416
0.001769	0.985108	-0.171930	1.700525
0.257925	-0.166563	-0.951699	-0.050953
0.000000	0.000000	0.000000	1.000000




Eye Rotation: (354.929700, 179.936000, 0.124279)
Eye Position: (-0.032809, 1.703470, -0.037460)
Pupil Rotation: (354.929700, 179.936000, 0.124279)
Pupil Position: (-0.032794, 1.704233, -0.051713)
Pupil Rotation Matrix:
 -0.999997	0.002070	0.001113	-0.032794
0.002161	0.996085	0.088378	1.704233
-0.000925	0.088380	-0.996086	-0.051713
0.000000	0.000000	0.000000	1.000000




Eye Rotation: (359.929700, 179.946800, 0.123793)
Eye Position: (-0.032809, 1.703470, -0.037460)
Pupil Rotation: (359.929700, 179.946800, 0.123793)
Pupil Position: (-0.032796, 1.702988, -0.051726)
Pupil Rotation Matrix:
 -0.999997	0.002159	0.000928	-0.032796
0.002161	0.999997	0.001227	1.702988
-0.000925	0.001229	-0.999999	-0.051726
0.000000	0.000000	0.000000	1.000000




Eye Rotation: (354.976300, 159.934600, 0.140911)
Eye Position: (-0.032809, 1.703470, -0.037460)
Pupil Rotation: (354.976300, 159.934600, 0.140911)
Pupil Position: (-0.027919, 1.704222, -0.050849)
Pupil Rotation Matrix:
 -0.939373	-0.027734	0.341775	-0.027919
0.002450	0.996156	0.087568	1.704222
-0.342889	0.083096	-0.935693	-0.050849
0.000000	0.000000	0.000000	1.000000




Eye Rotation: (9.964108, 164.971200, 0.139879)
Eye Position: (-0.032809, 1.703470, -0.037460)
Pupil Rotation: (9.964108, 164.971200, 0.139879)
Pupil Position: (-0.029189, 1.700510, -0.050946)
Pupil Rotation Matrix:
 -0.965683	0.047226	0.255394	-0.029189
0.002404	0.984914	-0.173031	1.700510
-0.259713	-0.166479	-0.951228	-0.050946
0.000000	0.000000	0.000000	1.000000
